0102661538
0241620039
0385966497
0414491482
0588959147
0670797993
0721112458
0895572749
0979204599
0590634177
0690153522
0691361285
0594348899
0694492549
0596282421
0696519914
0697982000
0262173916
0263405135
0692124634
0693101019
0269185473
0508363566
0174561827
0262845528
0312642156
0439572105
0515702605
0689621524
0705606207
0856889023
0969259749
0590755980
0690887584
0691353678
0594074111
0694197149
0596843125
0696690599
0697039459
0262402624
0263938331
0692690723
0693620915
0269874527
0508814532
0129625440
0216528675
0306920157
0414696328
0579127730
0679477674
0766821078
0861388770
0991330024
0590790555
0690967357
0691993055
0594470058
0694593900
0596649547
0696787888
0697475444
0262524248
0263378573
0692050176
0693015319
0269250906
0508241237
0198710673
0284853110
0364987129
0456314204
0545407728
0698295884
0739413024
0876717004
0976249122
0590716258
0690929366
0691373136
0594151745
0694883552
0596251082
0696832833
0697624282
0262198774
0263303532
0692874615
0693649807
0269863184
0508320610
0142597446
0261849352
0376129254
0496879032
0579104603
0650653830
0772912800
0847487080
0903504336
0590857102
0690924513
0691879420
0594209194
0694982018
0596007134
0696644837
0697954056
0262026534
0263030307
0692574881
0693733944
0269744999
0508772592
0199415722
0296536774
0381851140
0464469900
0516780708
0647312641
0758792671
0853699029
0982980577
0590423628
0690774725
0691085892
0594785590
0694741424
0596359846
0696969699
0697158615
0262196824
0263623295
0692081781
0693733429
0269844144
0508860454
0121753326
0256591598
0301405546
0440769237
0523770812
0605208480
0729305985
0880083611
0954812871
0590446237
0690011222
0691372039
0594198686
0694956854
0596415913
0696904751
0697138846
0262127472
0263064552
0692749372
0693730827
0269479147
0508424131
0114802011
0214137172
0360706175
0424495256
0560311678
0687800485
0758002837
0893372997
0937067763
0590295738
0690462429
0691514759
0594803361
0694144844
0596444870
0696497493
0697103689
0262354834
0263864419
0692007454
0693585311
0269401238
0508414267
0144819829
0285539450
0338754278
0485976591
0551341175
0694513229
0798432100
0830132437
0902252438
0590345194
0690774726
0691896591
0594433483
0694909344
0596079463
0696304883
0697351778
0262168555
0263571817
0692689319
0693520732
0269811788
0508575001
0146233323
0237133134
0307735420
0443050579
0536171235
0655949371
0763545093
0871365339
0993409909
0590307660
0690482692
0691198926
0594754093
0694147589
0596797088
0696752871
0697543389
0262670348
0263024230
0692483052
0693255426
0269230757
0508484672
0152517113
0293752278
0374246432
0461295732
0573542540
0620267170
0747839401
0818781919
0978024660
0590450882
0690862971
0691732682
0594319443
0694099632
0596744177
0696718247
0697542052
0262730716
0263699776
0692170093
0693713149
0269180915
0508330565
0107970783
0263455658
0307819156
0448263666
0559552473
0654757362
0780126495
0844973650
0925606603
0590144113
0690746910
0691213762
0594257348
0694458061
0596234737
0696946570
0697049384
0262261815
0263948124
0692787128
0693699958
0269379908
